[gd_scene load_steps=10 format=2]

[ext_resource path="res://Audio/Samples/BassDrum2.wav" type="AudioStream" id=1]
[ext_resource path="res://Places/Home/Home_env.tres" type="Environment" id=2]
[ext_resource path="res://Audio/Samples/BassDrum1.wav" type="AudioStream" id=3]
[ext_resource path="res://Stuff/Tools/Sequencer.tscn" type="PackedScene" id=4]
[ext_resource path="res://Stuff/Instruments/Drum.tscn" type="PackedScene" id=5]

[sub_resource type="QuadMesh" id=1]
size = Vector2( 500, 500 )

[sub_resource type="OpenSimplexNoise" id=2]

[sub_resource type="NoiseTexture" id=3]
flags = 39
seamless = true
noise = SubResource( 2 )

[sub_resource type="SpatialMaterial" id=4]
albedo_color = Color( 0.654902, 0.223529, 0.894118, 1 )
albedo_texture = SubResource( 3 )
uv1_scale = Vector3( 50, 50, 50 )

[node name="Home" type="Spatial"]

[node name="CSGTorus" type="CSGTorus" parent="."]
transform = Transform( 1, 0, 0, 0, 1, 0, 0, 0, 1, 0, 0.466101, 0 )
inner_radius = 0.937956
outer_radius = 1.25951
ring_sides = 8
smooth_faces = false

[node name="DirectionalLight" type="DirectionalLight" parent="."]
transform = Transform( 0.881105, 0.433267, 0.18956, 0, -0.400829, 0.916153, 0.47292, -0.807227, -0.353172, 0, 0, 0 )
shadow_enabled = true
directional_shadow_max_distance = 10.0

[node name="MeshInstance" type="MeshInstance" parent="."]
transform = Transform( 1, 0, 0, 0, -5.96046e-08, 1, 0, -1, -5.96046e-08, 0, -10, 0 )
mesh = SubResource( 1 )
material/0 = SubResource( 4 )

[node name="WorldEnvironment" type="WorldEnvironment" parent="."]
environment = ExtResource( 2 )

[node name="Drum" parent="." instance=ExtResource( 5 )]
transform = Transform( 0.711336, -0.566045, -0.416646, 0.622665, 0.782489, 0, 0.326021, -0.259431, 0.909069, 0.787681, 0.566784, 0.323469 )
audio_sample = ExtResource( 1 )

[node name="Drum2" parent="." instance=ExtResource( 5 )]
transform = Transform( 0.453025, -0.360494, -0.81536, 0.622665, 0.782489, 0, 0.63801, -0.507696, 0.578954, 0.337151, 0.566784, 0.782291 )
audio_sample = ExtResource( 3 )

[node name="Drum3" parent="." instance=ExtResource( 5 )]
transform = Transform( -4.37114e-08, -1, 0, 1, -4.37114e-08, 0, 0, 0, 1, -0.324255, 0.939116, -1.12115 )
audio_sample = ExtResource( 1 )

[node name="Drum4" parent="." instance=ExtResource( 5 )]
transform = Transform( -4.37114e-08, -1, 0, 1, -4.37114e-08, 0, 0, 0, 1, 0.275745, 0.939116, -1.12115 )
audio_sample = ExtResource( 1 )

[node name="Drum5" parent="." instance=ExtResource( 5 )]
transform = Transform( -4.37114e-08, -1, 0, 1, -4.37114e-08, 0, 0, 0, 1, 0.475745, 0.939116, -1.12115 )
audio_sample = ExtResource( 3 )

[node name="Drum6" parent="." instance=ExtResource( 5 )]
transform = Transform( -4.37114e-08, -1, 0, 1, -4.37114e-08, 0, 0, 0, 1, 0.875745, 0.939116, -1.12115 )
audio_sample = ExtResource( 1 )

[node name="Sequencer" parent="." instance=ExtResource( 4 )]
transform = Transform( 1, 0, 0, 0, 1, 0, 0, 0, 1, 0, 1.37172, -1.12527 )
